{
  "asset": {
    "copyright": "Model by Fabio Pellacini from github.com/~xelatihy/yocto-gl",
    "generator": "Yocto/GL - https://github.com/xelatihy/yocto-gl"
  },
  "cameras": {
    "default": {
      "aspect": 1.0,
      "focus": 1.0319883823394775,
      "frame": [
        0.9785497784614563,
        -0.0,
        0.20601047575473785,
        0.06986868381500244,
        0.940731942653656,
        -0.3318762481212616,
        -0.19380062818527222,
        0.3391510844230652,
        0.9205529689788818,
        -0.20000000298023224,
        0.4000000059604645,
        0.8999999761581421
      ],
      "lens": 0.10000000149011612
    }
  },
  "environments": {
    "sky": {
      "emission": [
        0.5,
        0.5,
        0.5
      ],
      "emission_tex": "sky"
    }
  },
  "materials": {
    "arealight1": {
      "displacement": 1.0,
      "emission": [
        20.0,
        20.0,
        20.0
      ]
    },
    "arealight2": {
      "displacement": 1.0,
      "emission": [
        20.0,
        20.0,
        20.0
      ]
    },
    "floor": {
      "color": [
        0.699999988079071,
        0.699999988079071,
        0.699999988079071
      ],
      "color_tex": "floor",
      "displacement": 1.0
    },
    "hair": {
      "color": [
        1.0,
        1.0,
        1.0
      ],
      "displacement": 1.0,
      "roughness": 0.5
    },
    "object": {
      "color": [
        0.009999999776482582,
        0.009999999776482582,
        0.009999999776482582
      ],
      "displacement": 1.0,
      "roughness": 0.20000000298023224
    }
  },
  "objects": {
    "arealight1": {
      "frame": [
        -0.8944271802902222,
        0.0,
        -0.4472135901451111,
        0.27562475204467773,
        0.7874992489814758,
        -0.5512495040893555,
        0.3521803617477417,
        -0.6163156628608704,
        -0.7043607234954834,
        -0.4000000059604645,
        0.800000011920929,
        0.800000011920929
      ],
      "material": "arealight1",
      "shape": "arealight1"
    },
    "arealight2": {
      "frame": [
        -0.8944271802902222,
        -0.0,
        0.4472135901451111,
        -0.27562475204467773,
        0.7874992489814758,
        -0.5512495040893555,
        -0.3521803617477417,
        -0.6163156628608704,
        -0.7043607234954834,
        0.4000000059604645,
        0.800000011920929,
        0.800000011920929
      ],
      "material": "arealight2",
      "shape": "arealight2"
    },
    "floor": {
      "material": "floor",
      "shape": "floor"
    },
    "hair": {
      "frame": [
        1.0,
        0.0,
        0.0,
        0.0,
        1.0,
        0.0,
        0.0,
        0.0,
        1.0,
        0.0,
        0.0010000000474974513,
        0.0
      ],
      "material": "hair",
      "shape": "shape5"
    },
    "object": {
      "frame": [
        1.0,
        0.0,
        0.0,
        0.0,
        1.0,
        0.0,
        0.0,
        0.0,
        1.0,
        0.0,
        0.0010000000474974513,
        0.0
      ],
      "material": "object",
      "shape": "sphere"
    }
  }
}